function setup() {
  createCanvas(400, 400);
}

function draw() {
  background(200,100,10);
  fill(100,50,100);
  triangle (20,50,30,10,350,150);
  stroke(200);
  noFill()
  triangle (10,200,200,380,390,120);
stroke(0);
 fill(10,30,40);
  rect(50,40,25,123,60);
  fill(10,200,155);
  rect(50,40,22,120,60);
    fill(10,200,155);
  rect(50,40,22,120,60);
  fill(10,30,40);
  rect(130,45,25,126,60);
  fill(20,200,200);
  rect(130,45,22,125,60);
  fill(40,200,100);
  triangle (20,50,100,100,350,150);

  fill(100,200,00);
  triangle (60,50,30,10,350,150);
  fill(10,30,40);
  rect(222,52,27,125,60);
  fill(0,210,200);
  rect(220,50,25,125,60);
  fill(100,60,105);
  triangle (120,250,90,200,350,150);
    fill(80,200,00);
  triangle (120,250,100,100,350,150);
  fill(10,30,40);
  rect(302,63,27,125,60);
   fill(10,30,40);
  rect(358,93,25,130,60);
  fill(0,220,200);
    rect(353,90,25,130,60);
  rect(300,60,25,125,60);
      fill(10,30,40);
  rect(375,130,25,140,60);
  fill(0,210,200);
  rect(370,127,27,140,60);
      fill(10,30,40);
  rect(363,178,30,155,60);
  fill(0,205,220);
  rect(360,175,29,155,60);
     fill(10,30,40);
  rect(344,223,32,170,60);
  fill(10,200,240);
  rect(340,220,32,170,60);
    fill(10,30,40);
  rect(294,262,40,180,60);
  fill(20,200,255);
  rect(290,260,38,180,60);
    fill(10,30,40);
  rect(224,292,43,180,60);
  fill(50,190,255);
  rect(220,290,40,180,60);
    fill(10,30,40);
  rect(131,321,52,180,60);
  fill(50,180,255);
  rect(130,320,45,180,60);
fill(10,30,40);
  rect(43,341,58,180,60);
  fill(70,170,255);
  rect(40,340,50,180,60);
}
